0.000000,0.039989,0.079915,0.119712,0.159318,0.198669,0.237703,0.276356,0.314567,0.352274,0.389418,0.425939,0.461779,0.496880,0.531186,0.564642,0.597195,0.628793,0.659385,0.688921,0.717356,0.744643,0.770739,0.795602,0.819192,0.841471,0.862404,0.881958,0.900100,0.916803,0.932039,0.945784,0.958016,0.968715,0.977865,0.985450,0.991458,0.995881,0.998710,0.999942,0.999574,0.997606,0.994043,0.988890,0.982154,0.973848,0.963983,0.952576,0.939645,0.925211,0.909297,0.891929,0.873133,0.852941,0.831383,0.808496,0.784316,0.758881,0.732231,0.704411,0.675463,0.645435,0.614374,0.582331,0.549356,0.515501,0.480823,0.445375,0.409214,0.372399,0.334988,0.297041,0.258619,0.219784,0.180596,0.141120,0.101418,0.061554,0.021591,-0.018406,-0.058374,-0.098249,-0.137966,-0.177462,-0.216675,-0.255541,-0.293998,-0.331985,-0.369441,-0.406306,-0.442520,-0.478027,-0.512769,-0.546691,-0.579738,-0.611858,-0.642999,-0.673111,-0.702146,-0.730058,-0.756802,-0.782336,-0.806618,-0.829609,-0.851273,-0.871576,-0.890484,-0.907967,-0.923998,-0.938551,-0.951602,-0.963131,-0.973119,-0.981550,-0.988411,-0.993691,-0.997381,-0.999476,-0.999971,-0.998867,-0.996165,-0.991869,-0.985986,-0.978526,-0.969501,-0.958924,-0.946814,-0.933189,-0.918070,-0.901484,-0.883455,-0.864012,-0.843188,-0.821014,-0.797527,-0.772764,-0.746765,-0.719572,-0.691227,-0.661776,-0.631267,-0.599747,-0.567269,-0.533882,-0.499642,-0.464602,-0.428819,-0.392350,-0.355253,-0.317589,-0.279415,-0.240795,-0.201790,-0.162462,-0.122874,-0.083090,-0.043172,
0.039989,0.079979,0.119904,0.159702,0.199308,0.238659,0.277692,0.316345,0.354556,0.392264,0.429408,0.465929,0.501768,0.536869,0.571176,0.604632,0.637185,0.668782,0.699374,0.728911,0.757345,0.784632,0.810728,0.835591,0.859181,0.881460,0.902394,0.921947,0.940090,0.956792,0.972028,0.985773,0.998005,1.008704,1.017854,1.025439,1.031448,1.035870,1.038700,1.039931,1.039563,1.037596,1.034033,1.028879,1.022144,1.013837,1.003972,0.992566,0.979635,0.965201,0.949287,0.931918,0.913122,0.892930,0.871373,0.848486,0.824305,0.798870,0.772221,0.744400,0.715452,0.685424,0.654364,0.622320,0.589345,0.555491,0.520812,0.485364,0.449203,0.412388,0.374978,0.337031,0.298609,0.259773,0.220586,0.181109,0.141407,0.101543,0.061580,0.021583,-0.018385,-0.058259,-0.097977,-0.137473,-0.176686,-0.215552,-0.254009,-0.291996,-0.329452,-0.366316,-0.402531,-0.438038,-0.472780,-0.506702,-0.539749,-0.571869,-0.603009,-0.633122,-0.662157,-0.690069,-0.716813,-0.742347,-0.766628,-0.789620,-0.811284,-0.831586,-0.850494,-0.867978,-0.884009,-0.898562,-0.911613,-0.923142,-0.933130,-0.941561,-0.948422,-0.953702,-0.957392,-0.959486,-0.959982,-0.958877,-0.956175,-0.951879,-0.945997,-0.938537,-0.929511,-0.918935,-0.906824,-0.893199,-0.878081,-0.861494,-0.843465,-0.824023,-0.803198,-0.781025,-0.757538,-0.732775,-0.706776,-0.679582,-0.651237,-0.621787,-0.591277,-0.559758,-0.527279,-0.493893,-0.459652,-0.424613,-0.388830,-0.352361,-0.315264,-0.277599,-0.239426,-0.200806,-0.161801,-0.122473,-0.082885,-0.043100,-0.003183,
0.079915,0.119904,0.159829,0.199627,0.239233,0.278584,0.317617,0.356270,0.394481,0.432189,0.469333,0.505854,0.541694,0.576795,0.611101,0.644557,0.677110,0.708708,0.739299,0.768836,0.797271,0.824558,0.850654,0.875516,0.899106,0.921386,0.942319,0.961873,0.980015,0.996718,1.011954,1.025699,1.037930,1.048630,1.057779,1.065364,1.071373,1.075796,1.078625,1.079856,1.079488,1.077521,1.073958,1.068805,1.062069,1.053762,1.043898,1.032491,1.019560,1.005126,0.989212,0.971843,0.953048,0.932855,0.911298,0.888411,0.864231,0.838795,0.812146,0.784326,0.755378,0.725350,0.694289,0.662245,0.629270,0.595416,0.560737,0.525289,0.489129,0.452314,0.414903,0.376956,0.338534,0.299698,0.260511,0.221035,0.181333,0.141468,0.101506,0.061508,0.021541,-0.018334,-0.058051,-0.097548,-0.136760,-0.175627,-0.214084,-0.252071,-0.289526,-0.326391,-0.362606,-0.398113,-0.432855,-0.466776,-0.499824,-0.531943,-0.563084,-0.593196,-0.622232,-0.650144,-0.676888,-0.702421,-0.726703,-0.749694,-0.771359,-0.791661,-0.810569,-0.828053,-0.844084,-0.858636,-0.871687,-0.883216,-0.893204,-0.901636,-0.908497,-0.913776,-0.917466,-0.919561,-0.920056,-0.918952,-0.916250,-0.911954,-0.906071,-0.898611,-0.889586,-0.879010,-0.866899,-0.853274,-0.838156,-0.821569,-0.803540,-0.784098,-0.763273,-0.741099,-0.717613,-0.692850,-0.666851,-0.639657,-0.611312,-0.581861,-0.551352,-0.519833,-0.487354,-0.453968,-0.419727,-0.384687,-0.348904,-0.312435,-0.275339,-0.237674,-0.199501,-0.160881,-0.121876,-0.082547,-0.042959,-0.003175,0.036743,
0.119712,0.159702,0.199627,0.239424,0.279030,0.318382,0.357415,0.396068,0.434279,0.471986,0.509131,0.545652,0.581491,0.616592,0.650898,0.684355,0.716908,0.748505,0.779097,0.808634,0.837068,0.864355,0.890451,0.915314,0.938904,0.961183,0.982116,1.001670,1.019813,1.036515,1.051751,1.065496,1.077728,1.088427,1.097577,1.105162,1.111171,1.115593,1.118422,1.119654,1.119286,1.117319,1.113755,1.108602,1.101866,1.093560,1.083695,1.072288,1.059358,1.044924,1.029010,1.011641,0.992845,0.972653,0.951096,0.928209,0.904028,0.878593,0.851944,0.824123,0.795175,0.765147,0.734086,0.702043,0.669068,0.635214,0.600535,0.565087,0.528926,0.492111,0.454700,0.416754,0.378331,0.339496,0.300308,0.260832,0.221130,0.181266,0.141303,0.101306,0.061338,0.021464,-0.018254,-0.057750,-0.096963,-0.135829,-0.174286,-0.212273,-0.249729,-0.286593,-0.322808,-0.358315,-0.393057,-0.426979,-0.460026,-0.492146,-0.523286,-0.553399,-0.582434,-0.610346,-0.637090,-0.662624,-0.686906,-0.709897,-0.731561,-0.751863,-0.770772,-0.788255,-0.804286,-0.818839,-0.831890,-0.843419,-0.853407,-0.861838,-0.868699,-0.873979,-0.877669,-0.879763,-0.880259,-0.879155,-0.876452,-0.872157,-0.866274,-0.858814,-0.849788,-0.839212,-0.827102,-0.813476,-0.798358,-0.781772,-0.763743,-0.744300,-0.723475,-0.701302,-0.677815,-0.653052,-0.627053,-0.599859,-0.571515,-0.542064,-0.511554,-0.480035,-0.447556,-0.414170,-0.379929,-0.344890,-0.309107,-0.272638,-0.235541,-0.197876,-0.159703,-0.121083,-0.082078,-0.042750,-0.003162,0.036623,0.076540,
0.159318,0.199308,0.239233,0.279030,0.318636,0.357988,0.397021,0.435674,0.473885,0.511592,0.548737,0.585258,0.621097,0.656198,0.690504,0.723961,0.756514,0.788111,0.818703,0.848240,0.876674,0.903961,0.930057,0.954920,0.978510,1.000789,1.021722,1.041276,1.059419,1.076121,1.091357,1.105102,1.117334,1.128033,1.137183,1.144768,1.150777,1.155199,1.158028,1.159260,1.158892,1.156925,1.153361,1.148208,1.141473,1.133166,1.123301,1.111894,1.098964,1.084530,1.068616,1.051247,1.032451,1.012259,0.990702,0.967815,0.943634,0.918199,0.891550,0.863729,0.834781,0.804753,0.773692,0.741649,0.708674,0.674820,0.640141,0.604693,0.568532,0.531717,0.494306,0.456360,0.417937,0.379102,0.339914,0.300438,0.260736,0.220872,0.180909,0.140912,0.100944,0.061070,0.021352,-0.018144,-0.057357,-0.096223,-0.134680,-0.172667,-0.210123,-0.246987,-0.283202,-0.318709,-0.353451,-0.387373,-0.420420,-0.452540,-0.483680,-0.513793,-0.542828,-0.570740,-0.597484,-0.623018,-0.647300,-0.670291,-0.691955,-0.712258,-0.731166,-0.748649,-0.764680,-0.779233,-0.792284,-0.803813,-0.813801,-0.822232,-0.829093,-0.834373,-0.838063,-0.840157,-0.840653,-0.839549,-0.836846,-0.832551,-0.826668,-0.819208,-0.810183,-0.799606,-0.787496,-0.773870,-0.758752,-0.742166,-0.724137,-0.704694,-0.683869,-0.661696,-0.638209,-0.613446,-0.587447,-0.560253,-0.531909,-0.502458,-0.471949,-0.440429,-0.407950,-0.374564,-0.340323,-0.305284,-0.269501,-0.233032,-0.195935,-0.158270,-0.120097,-0.081477,-0.042472,-0.003144,0.036444,0.076229,0.116146,
0.198669,0.238659,0.278584,0.318382,0.357988,0.397339,0.436372,0.475025,0.513236,0.550944,0.588088,0.624609,0.660448,0.695549,0.729856,0.763312,0.795865,0.827462,0.858054,0.887591,0.916025,0.943312,0.969408,0.994271,1.017861,1.040140,1.061074,1.080627,1.098770,1.115472,1.130708,1.144453,1.156685,1.167385,1.176534,1.184119,1.190128,1.194550,1.197379,1.198611,1.198243,1.196276,1.192713,1.187559,1.180824,1.172517,1.162652,1.151245,1.138315,1.123881,1.107967,1.090598,1.071802,1.051610,1.030053,1.007166,0.982985,0.957550,0.930901,0.903080,0.874132,0.844104,0.813044,0.781000,0.748025,0.714171,0.679492,0.644044,0.607883,0.571068,0.533658,0.495711,0.457289,0.418453,0.379266,0.339789,0.300087,0.260223,0.220260,0.180263,0.140295,0.100421,0.060703,0.021207,-0.018006,-0.056872,-0.095329,-0.133316,-0.170772,-0.207636,-0.243851,-0.279358,-0.314100,-0.348022,-0.381069,-0.413189,-0.444329,-0.474442,-0.503477,-0.531389,-0.558133,-0.583667,-0.607948,-0.630940,-0.652604,-0.672906,-0.691814,-0.709298,-0.725329,-0.739882,-0.752933,-0.764462,-0.774450,-0.782881,-0.789742,-0.795022,-0.798712,-0.800806,-0.801302,-0.800197,-0.797495,-0.793199,-0.787317,-0.779857,-0.770831,-0.760255,-0.748144,-0.734519,-0.719401,-0.702814,-0.684785,-0.665343,-0.644518,-0.622345,-0.598858,-0.574095,-0.548096,-0.520902,-0.492557,-0.463107,-0.432597,-0.401078,-0.368599,-0.335213,-0.300972,-0.265933,-0.230150,-0.193681,-0.156584,-0.118919,-0.080746,-0.042126,-0.003121,0.036207,0.075795,0.115580,0.155497,
0.237703,0.277692,0.317617,0.357415,0.397021,0.436372,0.475405,0.514058,0.552269,0.589977,0.627121,0.663642,0.699482,0.734583,0.768889,0.802345,0.834898,0.866496,0.897087,0.926624,0.955059,0.982346,1.008441,1.033304,1.056894,1.079174,1.100107,1.119660,1.137803,1.154506,1.169742,1.183487,1.195719,1.206418,1.215567,1.223152,1.229161,1.233583,1.236413,1.237644,1.237276,1.235309,1.231746,1.226592,1.219857,1.211550,1.201686,1.190279,1.177348,1.162914,1.147000,1.129631,1.110836,1.090643,1.069086,1.046199,1.022019,0.996583,0.969934,0.942113,0.913166,0.883138,0.852077,0.820033,0.787058,0.753204,0.718525,0.683077,0.646917,0.610102,0.572691,0.534744,0.496322,0.457486,0.418299,0.378823,0.339121,0.299256,0.259294,0.219296,0.179328,0.139454,0.099737,0.060240,0.021028,-0.017839,-0.056296,-0.094283,-0.131738,-0.168603,-0.204818,-0.240325,-0.275067,-0.308988,-0.342036,-0.374155,-0.405296,-0.435408,-0.464444,-0.492356,-0.519100,-0.544633,-0.568915,-0.591906,-0.613571,-0.633873,-0.652781,-0.670265,-0.686296,-0.700848,-0.713899,-0.725428,-0.735416,-0.743848,-0.750709,-0.755988,-0.759678,-0.761773,-0.762268,-0.761164,-0.758462,-0.754166,-0.748284,-0.740824,-0.731798,-0.721222,-0.709111,-0.695486,-0.680368,-0.663781,-0.645752,-0.626310,-0.605485,-0.583311,-0.559825,-0.535062,-0.509063,-0.481869,-0.453524,-0.424073,-0.393564,-0.362045,-0.329566,-0.296180,-0.261939,-0.226899,-0.191116,-0.154647,-0.117551,-0.079886,-0.041713,-0.003093,0.035912,0.075240,0.114828,0.154613,0.194531,
0.276356,0.316345,0.356270,0.396068,0.435674,0.475025,0.514058,0.552711,0.590922,0.628630,0.665774,0.702295,0.738135,0.773236,0.807542,0.840998,0.873551,0.905149,0.935740,0.965277,0.993712,1.020999,1.047095,1.071957,1.095547,1.117827,1.138760,1.158314,1.176456,1.193159,1.208395,1.222140,1.234372,1.245071,1.254220,1.261805,1.267814,1.272236,1.275066,1.276297,1.275929,1.273962,1.270399,1.265245,1.258510,1.250203,1.240339,1.228932,1.216001,1.201567,1.185653,1.168284,1.149489,1.129296,1.107739,1.084852,1.060672,1.035236,1.008587,0.980766,0.951819,0.921791,0.890730,0.858686,0.825711,0.791857,0.757178,0.721730,0.685570,0.648755,0.611344,0.573397,0.534975,0.496139,0.456952,0.417476,0.377774,0.337909,0.297947,0.257949,0.217981,0.178107,0.138390,0.098893,0.059681,0.020814,-0.017643,-0.055630,-0.093085,-0.129950,-0.166165,-0.201672,-0.236414,-0.270335,-0.303383,-0.335502,-0.366643,-0.396755,-0.425791,-0.453703,-0.480447,-0.505980,-0.530262,-0.553253,-0.574918,-0.595220,-0.614128,-0.631612,-0.647643,-0.662195,-0.675246,-0.686775,-0.696763,-0.705195,-0.712056,-0.717335,-0.721025,-0.723120,-0.723615,-0.722511,-0.719809,-0.715513,-0.709630,-0.702170,-0.693145,-0.682569,-0.670458,-0.656833,-0.641715,-0.625128,-0.607099,-0.587657,-0.566832,-0.544658,-0.521172,-0.496409,-0.470410,-0.443216,-0.414871,-0.385420,-0.354911,-0.323392,-0.290913,-0.257527,-0.223286,-0.188246,-0.152463,-0.115994,-0.078898,-0.041233,-0.003060,0.035560,0.074565,0.113894,0.153481,0.193266,0.233184,
0.314567,0.354556,0.394481,0.434279,0.473885,0.513236,0.552269,0.590922,0.629133,0.666841,0.703985,0.740506,0.776346,0.811447,0.845753,0.879209,0.911762,0.943360,0.973951,1.003488,1.031923,1.059210,1.085305,1.110168,1.133758,1.156038,1.176971,1.196524,1.214667,1.231370,1.246606,1.260351,1.272582,1.283282,1.292431,1.300016,1.306025,1.310447,1.313277,1.314508,1.314140,1.312173,1.308610,1.303456,1.296721,1.288414,1.278550,1.267143,1.254212,1.239778,1.223864,1.206495,1.187700,1.167507,1.145950,1.123063,1.098882,1.073447,1.046798,1.018977,0.990030,0.960002,0.928941,0.896897,0.863922,0.830068,0.795389,0.759941,0.723781,0.686966,0.649555,0.611608,0.573186,0.534350,0.495163,0.455687,0.415985,0.376120,0.336158,0.296160,0.256192,0.216318,0.176601,0.137104,0.097892,0.059025,0.020568,-0.017419,-0.054874,-0.091739,-0.127954,-0.163461,-0.198203,-0.232125,-0.265172,-0.297291,-0.328432,-0.358544,-0.387580,-0.415492,-0.442236,-0.467769,-0.492051,-0.515043,-0.536707,-0.557009,-0.575917,-0.593401,-0.609432,-0.623984,-0.637036,-0.648564,-0.658552,-0.666984,-0.673845,-0.679124,-0.682814,-0.684909,-0.685404,-0.684300,-0.681598,-0.677302,-0.671420,-0.663960,-0.654934,-0.644358,-0.632247,-0.618622,-0.603504,-0.586917,-0.568888,-0.549446,-0.528621,-0.506448,-0.482961,-0.458198,-0.432199,-0.405005,-0.376660,-0.347210,-0.316700,-0.285181,-0.252702,-0.219316,-0.185075,-0.150035,-0.114253,-0.077784,-0.040687,-0.003022,0.035151,0.073771,0.112776,0.152104,0.191692,0.231477,0.271394,
0.352274,0.392264,0.432189,0.471986,0.511592,0.550944,0.589977,0.628630,0.666841,0.704548,0.741693,0.778214,0.814053,0.849154,0.883460,0.916917,0.949470,0.981067,1.011659,1.041196,1.069630,1.096917,1.123013,1.147876,1.171466,1.193745,1.214678,1.234232,1.252375,1.269077,1.284313,1.298058,1.310290,1.320989,1.330139,1.337724,1.343733,1.348155,1.350984,1.352216,1.351848,1.349881,1.346317,1.341164,1.334429,1.326122,1.316257,1.304850,1.291920,1.277486,1.261572,1.244203,1.225407,1.205215,1.183658,1.160771,1.136590,1.111155,1.084506,1.056685,1.027737,0.997709,0.966649,0.934605,0.901630,0.867776,0.833097,0.797649,0.761488,0.724673,0.687262,0.649316,0.610893,0.572058,0.532870,0.493394,0.453692,0.413828,0.373865,0.333868,0.293900,0.254026,0.214308,0.174812,0.135599,0.096733,0.058276,0.020289,-0.017167,-0.054031,-0.090246,-0.125753,-0.160495,-0.194417,-0.227464,-0.259584,-0.290724,-0.320837,-0.349872,-0.377784,-0.404528,-0.430062,-0.454343,-0.477335,-0.498999,-0.519301,-0.538209,-0.555693,-0.571724,-0.586277,-0.599328,-0.610857,-0.620845,-0.629276,-0.636137,-0.641417,-0.645107,-0.647201,-0.647697,-0.646593,-0.643890,-0.639594,-0.633712,-0.626252,-0.617226,-0.606650,-0.594540,-0.580914,-0.565796,-0.549209,-0.531181,-0.511738,-0.490913,-0.468740,-0.445253,-0.420490,-0.394491,-0.367297,-0.338953,-0.309502,-0.278992,-0.247473,-0.214994,-0.181608,-0.147367,-0.112328,-0.076545,-0.040076,-0.002979,0.034686,0.072859,0.111479,0.150484,0.189812,0.229400,0.269185,0.309102,
0.389418,0.429408,0.469333,0.509131,0.548737,0.588088,0.627121,0.665774,0.703985,0.741693,0.778837,0.815358,0.851198,0.886298,0.920605,0.954061,0.986614,1.018211,1.048803,1.078340,1.106774,1.134061,1.160157,1.185020,1.208610,1.230889,1.251823,1.271376,1.289519,1.306221,1.321458,1.335202,1.347434,1.358133,1.367283,1.374868,1.380877,1.385299,1.388129,1.389360,1.388992,1.387025,1.383462,1.378308,1.371573,1.363266,1.353401,1.341995,1.329064,1.314630,1.298716,1.281347,1.262551,1.242359,1.220802,1.197915,1.173734,1.148299,1.121650,1.093829,1.064881,1.034853,1.003793,0.971749,0.938774,0.904920,0.870241,0.834793,0.798633,0.761817,0.724407,0.686460,0.648038,0.609202,0.570015,0.530538,0.490836,0.450972,0.411009,0.371012,0.331044,0.291170,0.251453,0.211956,0.172743,0.133877,0.095420,0.057433,0.019977,-0.016887,-0.053102,-0.088609,-0.123351,-0.157273,-0.190320,-0.222440,-0.253580,-0.283693,-0.312728,-0.340640,-0.367384,-0.392918,-0.417199,-0.440191,-0.461855,-0.482157,-0.501065,-0.518549,-0.534580,-0.549133,-0.562184,-0.573713,-0.583701,-0.592132,-0.598993,-0.604273,-0.607963,-0.610057,-0.610553,-0.609448,-0.606746,-0.602450,-0.596568,-0.589108,-0.580082,-0.569506,-0.557395,-0.543770,-0.528652,-0.512065,-0.494036,-0.474594,-0.453769,-0.431596,-0.408109,-0.383346,-0.357347,-0.330153,-0.301808,-0.272358,-0.241848,-0.210329,-0.177850,-0.144464,-0.110223,-0.075184,-0.039401,-0.002932,0.034165,0.071830,0.110003,0.148623,0.187628,0.226956,0.266544,0.306329,0.346246,
0.425939,0.465929,0.505854,0.545652,0.585258,0.624609,0.663642,0.702295,0.740506,0.778214,0.815358,0.851879,0.887719,0.922820,0.957126,0.990582,1.023135,1.054732,1.085324,1.114861,1.143296,1.170583,1.196678,1.221541,1.245131,1.267410,1.288344,1.307897,1.326040,1.342743,1.357979,1.371723,1.383955,1.394655,1.403804,1.411389,1.417398,1.421820,1.424650,1.425881,1.425513,1.423546,1.419983,1.414829,1.408094,1.399787,1.389922,1.378516,1.365585,1.351151,1.335237,1.317868,1.299073,1.278880,1.257323,1.234436,1.210255,1.184820,1.158171,1.130350,1.101403,1.071374,1.040314,1.008270,0.975295,0.941441,0.906762,0.871314,0.835154,0.798339,0.760928,0.722981,0.684559,0.645723,0.606536,0.567059,0.527357,0.487493,0.447531,0.407533,0.367565,0.327691,0.287974,0.248477,0.209264,0.170398,0.131941,0.093954,0.056499,0.019634,-0.016581,-0.052088,-0.086830,-0.120752,-0.153799,-0.185918,-0.217059,-0.247172,-0.276207,-0.304119,-0.330863,-0.356396,-0.380678,-0.403670,-0.425334,-0.445636,-0.464544,-0.482028,-0.498059,-0.512611,-0.525663,-0.537192,-0.547180,-0.555611,-0.562472,-0.567752,-0.571442,-0.573536,-0.574032,-0.572927,-0.570225,-0.565929,-0.560047,-0.552587,-0.543561,-0.532985,-0.520874,-0.507249,-0.492131,-0.475544,-0.457515,-0.438073,-0.417248,-0.395075,-0.371588,-0.346825,-0.320826,-0.293632,-0.265287,-0.235837,-0.205327,-0.173808,-0.141329,-0.107943,-0.073702,-0.038663,-0.002880,0.033589,0.070686,0.108351,0.146524,0.185144,0.224149,0.263477,0.303065,0.342850,0.382767,
0.461779,0.501768,0.541694,0.581491,0.621097,0.660448,0.699482,0.738135,0.776346,0.814053,0.851198,0.887719,0.923558,0.958659,0.992965,1.026422,1.058975,1.090572,1.121164,1.150701,1.179135,1.206422,1.232518,1.257381,1.280971,1.303250,1.324183,1.343737,1.361880,1.378582,1.393818,1.407563,1.419795,1.430494,1.439644,1.447229,1.453238,1.457660,1.460489,1.461721,1.461353,1.459386,1.455822,1.450669,1.443933,1.435627,1.425762,1.414355,1.401425,1.386991,1.371077,1.353708,1.334912,1.314720,1.293163,1.270276,1.246095,1.220660,1.194011,1.166190,1.137242,1.107214,1.076153,1.044110,1.011135,0.977281,0.942602,0.907154,0.870993,0.834178,0.796767,0.758821,0.720398,0.681563,0.642375,0.602899,0.563197,0.523333,0.483370,0.443373,0.403405,0.363531,0.323813,0.284317,0.245104,0.206238,0.167781,0.129794,0.092338,0.055474,0.019259,-0.016248,-0.050990,-0.084912,-0.117959,-0.150079,-0.181220,-0.211332,-0.240367,-0.268279,-0.295023,-0.320557,-0.344839,-0.367830,-0.389494,-0.409797,-0.428705,-0.446188,-0.462219,-0.476772,-0.489823,-0.501352,-0.511340,-0.519771,-0.526632,-0.531912,-0.535602,-0.537696,-0.538192,-0.537088,-0.534385,-0.530090,-0.524207,-0.516747,-0.507722,-0.497145,-0.485035,-0.471409,-0.456291,-0.439705,-0.421676,-0.402233,-0.381408,-0.359235,-0.335748,-0.310985,-0.284986,-0.257793,-0.229448,-0.199997,-0.169488,-0.137968,-0.105490,-0.072103,-0.037863,-0.002823,0.032960,0.069429,0.106526,0.144191,0.182364,0.220984,0.259989,0.299317,0.338905,0.378690,0.418607,
0.496880,0.536869,0.576795,0.616592,0.656198,0.695549,0.734583,0.773236,0.811447,0.849154,0.886298,0.922820,0.958659,0.993760,1.028066,1.061523,1.094076,1.125673,1.156265,1.185802,1.214236,1.241523,1.267619,1.292482,1.316072,1.338351,1.359284,1.378838,1.396981,1.413683,1.428919,1.442664,1.454896,1.465595,1.474745,1.482330,1.488338,1.492761,1.495590,1.496822,1.496454,1.494486,1.490923,1.485770,1.479034,1.470728,1.460863,1.449456,1.436526,1.422092,1.406178,1.388809,1.370013,1.349821,1.328264,1.305377,1.281196,1.255761,1.229112,1.201291,1.172343,1.142315,1.111254,1.079211,1.046236,1.012382,0.977703,0.942255,0.906094,0.869279,0.831868,0.793922,0.755499,0.716664,0.677476,0.638000,0.598298,0.558434,0.518471,0.478474,0.438506,0.398632,0.358914,0.319418,0.280205,0.241339,0.202882,0.164895,0.127439,0.090574,0.054360,0.018853,-0.015889,-0.049811,-0.082858,-0.114978,-0.146119,-0.176231,-0.205266,-0.233178,-0.259922,-0.285456,-0.309738,-0.332729,-0.354393,-0.374696,-0.393604,-0.411087,-0.427118,-0.441671,-0.454722,-0.466251,-0.476239,-0.484670,-0.491531,-0.496811,-0.500501,-0.502595,-0.503091,-0.501987,-0.499284,-0.494989,-0.489106,-0.481646,-0.472621,-0.462044,-0.449934,-0.436308,-0.421190,-0.404604,-0.386575,-0.367132,-0.346308,-0.324134,-0.300647,-0.275884,-0.249885,-0.222692,-0.194347,-0.164896,-0.134387,-0.102867,-0.070389,-0.037002,-0.002762,0.032278,0.068061,0.104530,0.141627,0.179292,0.217465,0.256085,0.295090,0.334418,0.374006,0.413791,0.453708,
0.531186,0.571176,0.611101,0.650898,0.690504,0.729856,0.768889,0.807542,0.845753,0.883460,0.920605,0.957126,0.992965,1.028066,1.062372,1.095829,1.128382,1.159979,1.190571,1.220108,1.248542,1.275829,1.301925,1.326788,1.350378,1.372657,1.393590,1.413144,1.431287,1.447989,1.463225,1.476970,1.489202,1.499901,1.509051,1.516636,1.522645,1.527067,1.529896,1.531128,1.530760,1.528793,1.525229,1.520076,1.513340,1.505034,1.495169,1.483762,1.470832,1.456398,1.440484,1.423115,1.404319,1.384127,1.362570,1.339683,1.315502,1.290067,1.263418,1.235597,1.206649,1.176621,1.145560,1.113517,1.080542,1.046688,1.012009,0.976561,0.940400,0.903585,0.866174,0.828228,0.789805,0.750970,0.711782,0.672306,0.632604,0.592740,0.552777,0.512780,0.472812,0.432938,0.393220,0.353724,0.314511,0.275645,0.237188,0.199201,0.161745,0.124881,0.088666,0.053159,0.018417,-0.015505,-0.048552,-0.080672,-0.111812,-0.141925,-0.170960,-0.198872,-0.225616,-0.251150,-0.275432,-0.298423,-0.320087,-0.340389,-0.359298,-0.376781,-0.392812,-0.407365,-0.420416,-0.431945,-0.441933,-0.450364,-0.457225,-0.462505,-0.466195,-0.468289,-0.468785,-0.467681,-0.464978,-0.460683,-0.454800,-0.447340,-0.438314,-0.427738,-0.415628,-0.402002,-0.386884,-0.370298,-0.352269,-0.332826,-0.312001,-0.289828,-0.266341,-0.241578,-0.215579,-0.188385,-0.160041,-0.130590,-0.100081,-0.068561,-0.036082,-0.002696,0.031545,0.066584,0.102367,0.138836,0.175933,0.213598,0.251771,0.290391,0.329396,0.368724,0.408312,0.448097,0.488014,
0.564642,0.604632,0.644557,0.684355,0.723961,0.763312,0.802345,0.840998,0.879209,0.916917,0.954061,0.990582,1.026422,1.061523,1.095829,1.129285,1.161838,1.193436,1.224027,1.253564,1.281999,1.309286,1.335381,1.360244,1.383834,1.406114,1.427047,1.446600,1.464743,1.481446,1.496682,1.510427,1.522658,1.533358,1.542507,1.550092,1.556101,1.560523,1.563353,1.564584,1.564216,1.562249,1.558686,1.553532,1.546797,1.538490,1.528625,1.517219,1.504288,1.489854,1.473940,1.456571,1.437775,1.417583,1.396026,1.373139,1.348958,1.323523,1.296874,1.269053,1.240106,1.210077,1.179017,1.146973,1.113998,1.080144,1.045465,1.010017,0.973857,0.937042,0.899631,0.861684,0.823262,0.784426,0.745239,0.705763,0.666061,0.626196,0.586234,0.546236,0.506268,0.466394,0.426677,0.387180,0.347968,0.309101,0.270644,0.232657,0.195202,0.158337,0.122122,0.086615,0.051873,0.017951,-0.015096,-0.047215,-0.078356,-0.108469,-0.137504,-0.165416,-0.192160,-0.217693,-0.241975,-0.264967,-0.286631,-0.306933,-0.325841,-0.343325,-0.359356,-0.373908,-0.386960,-0.398488,-0.408477,-0.416908,-0.423769,-0.429049,-0.432739,-0.434833,-0.435329,-0.434224,-0.431522,-0.427226,-0.421344,-0.413884,-0.404858,-0.394282,-0.382171,-0.368546,-0.353428,-0.336841,-0.318812,-0.299370,-0.278545,-0.256372,-0.232885,-0.208122,-0.182123,-0.154929,-0.126584,-0.097134,-0.066624,-0.035105,-0.002626,0.030760,0.065001,0.100040,0.135823,0.172292,0.209389,0.247054,0.285227,0.323847,0.362852,0.402180,0.441768,0.481553,0.521470,
0.597195,0.637185,0.677110,0.716908,0.756514,0.795865,0.834898,0.873551,0.911762,0.949470,0.986614,1.023135,1.058975,1.094076,1.128382,1.161838,1.194391,1.225989,1.256580,1.286117,1.314551,1.341838,1.367934,1.392797,1.416387,1.438666,1.459600,1.479153,1.497296,1.513999,1.529235,1.542979,1.555211,1.565911,1.575060,1.582645,1.588654,1.593076,1.595906,1.597137,1.596769,1.594802,1.591239,1.586085,1.579350,1.571043,1.561178,1.549772,1.536841,1.522407,1.506493,1.489124,1.470328,1.450136,1.428579,1.405692,1.381511,1.356076,1.329427,1.301606,1.272659,1.242630,1.211570,1.179526,1.146551,1.112697,1.078018,1.042570,1.006410,0.969594,0.932184,0.894237,0.855815,0.816979,0.777792,0.738315,0.698613,0.658749,0.618787,0.578789,0.538821,0.498947,0.459230,0.419733,0.380520,0.341654,0.303197,0.265210,0.227754,0.190890,0.154675,0.119168,0.084426,0.050504,0.017457,-0.014662,-0.045803,-0.075916,-0.104951,-0.132863,-0.159607,-0.185140,-0.209422,-0.232414,-0.254078,-0.274380,-0.293288,-0.310772,-0.326803,-0.341355,-0.354407,-0.365936,-0.375924,-0.384355,-0.391216,-0.396496,-0.400186,-0.402280,-0.402776,-0.401671,-0.398969,-0.394673,-0.388791,-0.381331,-0.372305,-0.361729,-0.349618,-0.335993,-0.320875,-0.304288,-0.286259,-0.266817,-0.245992,-0.223819,-0.200332,-0.175569,-0.149570,-0.122376,-0.094031,-0.064581,-0.034071,-0.002552,0.029927,0.063313,0.097554,0.132593,0.168376,0.204845,0.241942,0.279607,0.317780,0.356400,0.395405,0.434733,0.474321,0.514106,0.554023,
0.628793,0.668782,0.708708,0.748505,0.788111,0.827462,0.866496,0.905149,0.943360,0.981067,1.018211,1.054732,1.090572,1.125673,1.159979,1.193436,1.225989,1.257586,1.288178,1.317714,1.346149,1.373436,1.399532,1.424395,1.447985,1.470264,1.491197,1.510751,1.528893,1.545596,1.560832,1.574577,1.586809,1.597508,1.606658,1.614243,1.620251,1.624674,1.627503,1.628735,1.628367,1.626399,1.622836,1.617683,1.610947,1.602641,1.592776,1.581369,1.568439,1.554005,1.538090,1.520722,1.501926,1.481734,1.460176,1.437289,1.413109,1.387674,1.361024,1.333204,1.304256,1.274228,1.243167,1.211124,1.178149,1.144295,1.109616,1.074168,1.038007,1.001192,0.963781,0.925834,0.887412,0.848577,0.809389,0.769913,0.730211,0.690347,0.650384,0.610387,0.570419,0.530544,0.490827,0.451331,0.412118,0.373252,0.334795,0.296808,0.259352,0.222487,0.186273,0.150766,0.116024,0.082102,0.049055,0.016935,-0.014206,-0.044318,-0.073353,-0.101265,-0.128009,-0.153543,-0.177825,-0.200816,-0.222480,-0.242783,-0.261691,-0.279174,-0.295205,-0.309758,-0.322809,-0.334338,-0.344326,-0.352757,-0.359618,-0.364898,-0.368588,-0.370682,-0.371178,-0.370074,-0.367372,-0.363076,-0.357193,-0.349733,-0.340708,-0.330131,-0.318021,-0.304396,-0.289277,-0.272691,-0.254662,-0.235219,-0.214395,-0.192221,-0.168734,-0.143971,-0.117972,-0.090779,-0.062434,-0.032983,-0.002474,0.029046,0.061524,0.094911,0.129151,0.164191,0.199974,0.236443,0.273540,0.311204,0.349378,0.387998,0.427003,0.466331,0.505919,0.545703,0.585621,
0.659385,0.699374,0.739299,0.779097,0.818703,0.858054,0.897087,0.935740,0.973951,1.011659,1.048803,1.085324,1.121164,1.156265,1.190571,1.224027,1.256580,1.288178,1.318769,1.348306,1.376741,1.404028,1.430124,1.454986,1.478576,1.500856,1.521789,1.541342,1.559485,1.576188,1.591424,1.605169,1.617401,1.628100,1.637249,1.644834,1.650843,1.655266,1.658095,1.659326,1.658958,1.656991,1.653428,1.648274,1.641539,1.633232,1.623368,1.611961,1.599030,1.584596,1.568682,1.551313,1.532518,1.512325,1.490768,1.467881,1.443701,1.418265,1.391616,1.363796,1.334848,1.304820,1.273759,1.241715,1.208740,1.174886,1.140207,1.104759,1.068599,1.031784,0.994373,0.956426,0.918004,0.879168,0.839981,0.800505,0.760803,0.720939,0.680976,0.640978,0.601011,0.561136,0.521419,0.481922,0.442710,0.403843,0.365386,0.327399,0.289944,0.253079,0.216864,0.181357,0.146615,0.112694,0.079647,0.047527,0.016386,-0.013726,-0.042762,-0.070674,-0.097418,-0.122951,-0.147233,-0.170224,-0.191889,-0.212191,-0.231099,-0.248583,-0.264614,-0.279166,-0.292217,-0.303746,-0.313734,-0.322166,-0.329027,-0.334306,-0.337996,-0.340091,-0.340586,-0.339482,-0.336780,-0.332484,-0.326601,-0.319141,-0.310116,-0.299540,-0.287429,-0.273804,-0.258686,-0.242099,-0.224070,-0.204628,-0.183803,-0.161629,-0.138143,-0.113380,-0.087381,-0.060187,-0.031842,-0.002391,0.028118,0.059637,0.092116,0.125502,0.159743,0.194783,0.230566,0.267035,0.304131,0.341796,0.379969,0.418589,0.457594,0.496923,0.536511,0.576295,0.616213,
0.688921,0.728911,0.768836,0.808634,0.848240,0.887591,0.926624,0.965277,1.003488,1.041196,1.078340,1.114861,1.150701,1.185802,1.220108,1.253564,1.286117,1.317714,1.348306,1.377843,1.406278,1.433565,1.459660,1.484523,1.508113,1.530392,1.551326,1.570879,1.589022,1.605725,1.620961,1.634705,1.646937,1.657637,1.666786,1.674371,1.680380,1.684802,1.687632,1.688863,1.688495,1.686528,1.682965,1.677811,1.671076,1.662769,1.652904,1.641498,1.628567,1.614133,1.598219,1.580850,1.562054,1.541862,1.520305,1.497418,1.473237,1.447802,1.421153,1.393332,1.364385,1.334356,1.303296,1.271252,1.238277,1.204423,1.169744,1.134296,1.098136,1.061321,1.023910,0.985963,0.947541,0.908705,0.869518,0.830041,0.790339,0.750475,0.710513,0.670515,0.630547,0.590673,0.550956,0.511459,0.472246,0.433380,0.394923,0.356936,0.319481,0.282616,0.246401,0.210894,0.176152,0.142230,0.109183,0.077064,0.045923,0.015810,-0.013225,-0.041137,-0.067881,-0.093414,-0.117696,-0.140688,-0.162352,-0.182654,-0.201562,-0.219046,-0.235077,-0.249629,-0.262681,-0.274209,-0.284198,-0.292629,-0.299490,-0.304770,-0.308460,-0.310554,-0.311050,-0.309945,-0.307243,-0.302947,-0.297065,-0.289605,-0.280579,-0.270003,-0.257892,-0.244267,-0.229149,-0.212562,-0.194533,-0.175091,-0.154266,-0.132093,-0.108606,-0.083843,-0.057844,-0.030650,-0.002305,0.027145,0.057655,0.089174,0.121653,0.155039,0.189280,0.224319,0.260102,0.296571,0.333668,0.371333,0.409506,0.448126,0.487131,0.526459,0.566047,0.605832,0.645749,
0.717356,0.757345,0.797271,0.837068,0.876674,0.916025,0.955059,0.993712,1.031923,1.069630,1.106774,1.143296,1.179135,1.214236,1.248542,1.281999,1.314551,1.346149,1.376741,1.406278,1.434712,1.461999,1.488095,1.512958,1.536548,1.558827,1.579760,1.599314,1.617457,1.634159,1.649395,1.663140,1.675372,1.686071,1.695221,1.702806,1.708815,1.713237,1.716066,1.717298,1.716930,1.714962,1.711399,1.706246,1.699510,1.691204,1.681339,1.669932,1.657002,1.642568,1.626654,1.609285,1.590489,1.570297,1.548740,1.525852,1.501672,1.476237,1.449588,1.421767,1.392819,1.362791,1.331730,1.299687,1.266712,1.232858,1.198179,1.162731,1.126570,1.089755,1.052344,1.014398,0.975975,0.937140,0.897952,0.858476,0.818774,0.778910,0.738947,0.698950,0.658982,0.619107,0.579390,0.539894,0.500681,0.461815,0.423358,0.385371,0.347915,0.311050,0.274836,0.239329,0.204587,0.170665,0.137618,0.105498,0.074357,0.044245,0.015210,-0.012702,-0.039446,-0.064980,-0.089262,-0.112253,-0.133917,-0.154220,-0.173128,-0.190611,-0.206642,-0.221195,-0.234246,-0.245775,-0.255763,-0.264194,-0.271055,-0.276335,-0.280025,-0.282119,-0.282615,-0.281511,-0.278809,-0.274513,-0.268630,-0.261170,-0.252145,-0.241568,-0.229458,-0.215833,-0.200714,-0.184128,-0.166099,-0.146656,-0.125832,-0.103658,-0.080171,-0.055408,-0.029409,-0.002216,0.026129,0.055580,0.086089,0.117609,0.150087,0.183474,0.217714,0.252754,0.288537,0.325006,0.362103,0.399768,0.437941,0.476561,0.515566,0.554894,0.594482,0.634266,0.674184,
0.744643,0.784632,0.824558,0.864355,0.903961,0.943312,0.982346,1.020999,1.059210,1.096917,1.134061,1.170583,1.206422,1.241523,1.275829,1.309286,1.341838,1.373436,1.404028,1.433565,1.461999,1.489286,1.515382,1.540245,1.563835,1.586114,1.607047,1.626601,1.644744,1.661446,1.676682,1.690427,1.702659,1.713358,1.722508,1.730093,1.736102,1.740524,1.743353,1.744585,1.744217,1.742249,1.738686,1.733533,1.726797,1.718491,1.708626,1.697219,1.684289,1.669855,1.653941,1.636572,1.617776,1.597584,1.576027,1.553139,1.528959,1.503524,1.476875,1.449054,1.420106,1.390078,1.359017,1.326974,1.293999,1.260145,1.225466,1.190018,1.153857,1.117042,1.079631,1.041685,1.003262,0.964427,0.925239,0.885763,0.846061,0.806197,0.766234,0.726237,0.686269,0.646394,0.606677,0.567181,0.527968,0.489102,0.450645,0.412658,0.375202,0.338337,0.302123,0.266616,0.231874,0.197952,0.164905,0.132785,0.101644,0.071532,0.042497,0.014585,-0.012159,-0.037693,-0.061975,-0.084966,-0.106630,-0.126933,-0.145841,-0.163324,-0.179355,-0.193908,-0.206959,-0.218488,-0.228476,-0.236907,-0.243768,-0.249048,-0.252738,-0.254832,-0.255328,-0.254224,-0.251521,-0.247226,-0.241343,-0.233883,-0.224858,-0.214281,-0.202171,-0.188545,-0.173427,-0.156841,-0.138812,-0.119369,-0.098545,-0.076371,-0.052884,-0.028121,-0.002122,0.025071,0.053416,0.082867,0.113376,0.144896,0.177374,0.210761,0.245001,0.280041,0.315824,0.352293,0.389390,0.427055,0.465228,0.503848,0.542853,0.582181,0.621769,0.661554,0.701471,
0.770739,0.810728,0.850654,0.890451,0.930057,0.969408,1.008441,1.047095,1.085305,1.123013,1.160157,1.196678,1.232518,1.267619,1.301925,1.335381,1.367934,1.399532,1.430124,1.459660,1.488095,1.515382,1.541478,1.566340,1.589930,1.612210,1.633143,1.652697,1.670839,1.687542,1.702778,1.716523,1.728755,1.739454,1.748603,1.756189,1.762197,1.766620,1.769449,1.770681,1.770312,1.768345,1.764782,1.759629,1.752893,1.744586,1.734722,1.723315,1.710384,1.695950,1.680036,1.662668,1.643872,1.623679,1.602122,1.579235,1.555055,1.529620,1.502970,1.475150,1.446202,1.416174,1.385113,1.353070,1.320094,1.286240,1.251561,1.216113,1.179953,1.143138,1.105727,1.067780,1.029358,0.990522,0.951335,0.911859,0.872157,0.832293,0.792330,0.752333,0.712365,0.672490,0.632773,0.593277,0.554064,0.515198,0.476741,0.438754,0.401298,0.364433,0.328219,0.292712,0.257969,0.224048,0.191001,0.158881,0.127740,0.097628,0.068593,0.040680,0.013936,-0.011597,-0.035879,-0.058870,-0.080534,-0.100837,-0.119745,-0.137228,-0.153259,-0.167812,-0.180863,-0.192392,-0.202380,-0.210811,-0.217672,-0.222952,-0.226642,-0.228737,-0.229232,-0.228128,-0.225426,-0.221130,-0.215247,-0.207787,-0.198762,-0.188185,-0.176075,-0.162450,-0.147332,-0.130745,-0.112716,-0.093274,-0.072449,-0.050275,-0.026788,-0.002026,0.023974,0.051167,0.079512,0.108963,0.139472,0.170991,0.203470,0.236856,0.271097,0.306137,0.341920,0.378389,0.415485,0.453150,0.491323,0.529943,0.568949,0.608277,0.647865,0.687649,0.727567,
0.795602,0.835591,0.875516,0.915314,0.954920,0.994271,1.033304,1.071957,1.110168,1.147876,1.185020,1.221541,1.257381,1.292482,1.326788,1.360244,1.392797,1.424395,1.454986,1.484523,1.512958,1.540245,1.566340,1.591203,1.614793,1.637073,1.658006,1.677559,1.695702,1.712405,1.727641,1.741386,1.753618,1.764317,1.773466,1.781051,1.787060,1.791482,1.794312,1.795543,1.795175,1.793208,1.789645,1.784491,1.777756,1.769449,1.759585,1.748178,1.735247,1.720813,1.704899,1.687530,1.668735,1.648542,1.626985,1.604098,1.579918,1.554482,1.527833,1.500013,1.471065,1.441037,1.409976,1.377932,1.344957,1.311103,1.276424,1.240976,1.204816,1.168001,1.130590,1.092643,1.054221,1.015385,0.976198,0.936722,0.897020,0.857155,0.817193,0.777195,0.737227,0.697353,0.657636,0.618139,0.578927,0.540060,0.501603,0.463616,0.426161,0.389296,0.353081,0.317574,0.282832,0.248911,0.215863,0.183744,0.152603,0.122491,0.093455,0.065543,0.038799,0.013266,-0.011016,-0.034007,-0.055672,-0.075974,-0.094882,-0.112366,-0.128397,-0.142949,-0.156000,-0.167529,-0.177517,-0.185949,-0.192810,-0.198089,-0.201779,-0.203874,-0.204369,-0.203265,-0.200563,-0.196267,-0.190384,-0.182924,-0.173899,-0.163323,-0.151212,-0.137587,-0.122469,-0.105882,-0.087853,-0.068411,-0.047586,-0.025413,-0.001926,0.022837,0.048836,0.076030,0.104375,0.133826,0.164335,0.195854,0.228333,0.261719,0.295960,0.331000,0.366783,0.403251,0.440348,0.478013,0.516186,0.554806,0.593811,0.633139,0.672727,0.712512,0.752430,
0.819192,0.859181,0.899106,0.938904,0.978510,1.017861,1.056894,1.095547,1.133758,1.171466,1.208610,1.245131,1.280971,1.316072,1.350378,1.383834,1.416387,1.447985,1.478576,1.508113,1.536548,1.563835,1.589930,1.614793,1.638383,1.660663,1.681596,1.701149,1.719292,1.735995,1.751231,1.764976,1.777207,1.787907,1.797056,1.804641,1.810650,1.815072,1.817902,1.819133,1.818765,1.816798,1.813235,1.808081,1.801346,1.793039,1.783175,1.771768,1.758837,1.744403,1.728489,1.711120,1.692325,1.672132,1.650575,1.627688,1.603508,1.578072,1.551423,1.523602,1.494655,1.464627,1.433566,1.401522,1.368547,1.334693,1.300014,1.264566,1.228406,1.191591,1.154180,1.116233,1.077811,1.038975,0.999788,0.960312,0.920610,0.880745,0.840783,0.800785,0.760817,0.720943,0.681226,0.641729,0.602517,0.563650,0.525193,0.487206,0.449751,0.412886,0.376671,0.341164,0.306422,0.272500,0.239453,0.207334,0.176193,0.146081,0.117045,0.089133,0.062389,0.036856,0.012574,-0.010418,-0.032082,-0.052384,-0.071292,-0.088776,-0.104807,-0.119359,-0.132411,-0.143939,-0.153927,-0.162359,-0.169220,-0.174499,-0.178190,-0.180284,-0.180779,-0.179675,-0.176973,-0.172677,-0.166795,-0.159335,-0.150309,-0.139733,-0.127622,-0.113997,-0.098879,-0.082292,-0.064263,-0.044821,-0.023996,-0.001823,0.021664,0.046427,0.072426,0.099620,0.127965,0.157415,0.187925,0.219444,0.251923,0.285309,0.319550,0.354590,0.390372,0.426841,0.463938,0.501603,0.539776,0.578396,0.617401,0.656729,0.696317,0.736102,0.776019,
0.841471,0.881460,0.921386,0.961183,1.000789,1.040140,1.079174,1.117827,1.156038,1.193745,1.230889,1.267410,1.303250,1.338351,1.372657,1.406114,1.438666,1.470264,1.500856,1.530392,1.558827,1.586114,1.612210,1.637073,1.660663,1.682942,1.703875,1.723429,1.741571,1.758274,1.773510,1.787255,1.799487,1.810186,1.819336,1.826921,1.832929,1.837352,1.840181,1.841413,1.841045,1.839077,1.835514,1.830361,1.823625,1.815319,1.805454,1.794047,1.781116,1.766683,1.750768,1.733400,1.714604,1.694412,1.672854,1.649967,1.625787,1.600352,1.573702,1.545882,1.516934,1.486906,1.455845,1.423802,1.390826,1.356972,1.322294,1.286846,1.250685,1.213870,1.176459,1.138512,1.100090,1.061255,1.022067,0.982591,0.942889,0.903025,0.863062,0.823065,0.783097,0.743222,0.703505,0.664009,0.624796,0.585930,0.547473,0.509486,0.472030,0.435165,0.398951,0.363444,0.328702,0.294780,0.261733,0.229613,0.198472,0.168360,0.139325,0.111413,0.084668,0.059135,0.034853,0.011862,-0.009802,-0.030105,-0.049013,-0.066496,-0.082527,-0.097080,-0.110131,-0.121660,-0.131648,-0.140079,-0.146940,-0.152220,-0.155910,-0.158005,-0.158500,-0.157396,-0.154694,-0.150398,-0.144515,-0.137055,-0.128030,-0.117453,-0.105343,-0.091718,-0.076600,-0.060013,-0.041984,-0.022541,-0.001717,0.020457,0.043944,0.068707,0.094706,0.121899,0.150244,0.179695,0.210204,0.241724,0.274202,0.307589,0.341829,0.376869,0.412652,0.449121,0.486217,0.523882,0.562055,0.600676,0.639681,0.679009,0.718597,0.758381,0.798299,
0.862404,0.902394,0.942319,0.982116,1.021722,1.061074,1.100107,1.138760,1.176971,1.214678,1.251823,1.288344,1.324183,1.359284,1.393590,1.427047,1.459600,1.491197,1.521789,1.551326,1.579760,1.607047,1.633143,1.658006,1.681596,1.703875,1.724808,1.744362,1.762505,1.779207,1.794443,1.808188,1.820420,1.831119,1.840269,1.847854,1.853863,1.858285,1.861114,1.862346,1.861978,1.860011,1.856447,1.851294,1.844558,1.836252,1.826387,1.814980,1.802050,1.787616,1.771702,1.754333,1.735537,1.715345,1.693788,1.670901,1.646720,1.621285,1.594636,1.566815,1.537867,1.507839,1.476779,1.444735,1.411760,1.377906,1.343227,1.307779,1.271618,1.234803,1.197392,1.159446,1.121023,1.082188,1.043000,1.003524,0.963822,0.923958,0.883995,0.843998,0.804030,0.764156,0.724438,0.684942,0.645729,0.606863,0.568406,0.530419,0.492963,0.456099,0.419884,0.384377,0.349635,0.315713,0.282666,0.250546,0.219406,0.189293,0.160258,0.132346,0.105602,0.080068,0.055787,0.032795,0.011131,-0.009171,-0.028079,-0.045563,-0.061594,-0.076147,-0.089198,-0.100727,-0.110715,-0.119146,-0.126007,-0.131287,-0.134977,-0.137071,-0.137567,-0.136463,-0.133760,-0.129465,-0.123582,-0.116122,-0.107096,-0.096520,-0.084410,-0.070784,-0.055666,-0.039080,-0.021051,-0.001608,0.019217,0.041390,0.064877,0.089640,0.115639,0.142833,0.171177,0.200628,0.231137,0.262657,0.295136,0.328522,0.362763,0.397802,0.433585,0.470054,0.507151,0.544816,0.582989,0.621609,0.660614,0.699942,0.739530,0.779315,0.819232,
